game_id,date,home,vis,time,period,mins,secs,pos,team,event,event_deets,block,steal,home_desc,vis_desc,score,home_score,vis_score
0022000164,2021-01-13,CHA,DAL,0.0,1,12,0,,,period_start,0,False,False,,,0-0,0,0
0022000164,2021-01-13,CHA,DAL,0.0,1,12,0,,CHA,jump_ball,0,False,False,Jump Ball Biyombo vs. Porzingis: Tip to Cauley-Stein,,0-0,0,0
0022000164,2021-01-13,CHA,DAL,0.42,1,11,35,DAL,DAL,fg3_make,1,False,False,,Doncic 25' 3PT Jump Shot (3 PTS) (Hardaway Jr. 1 AST),0-3,0,3
0022000164,2021-01-13,CHA,DAL,0.72,1,11,17,CHA,CHA,fg3_miss,1,False,False,MISS Washington 26' 3PT Jump Shot,,0-3,0,3
0022000164,2021-01-13,CHA,DAL,0.77,1,11,14,DAL,DAL,reb,0,False,False,,Porzingis REBOUND (Off:0 Def:1),0-3,0,3
0022000164,2021-01-13,CHA,DAL,0.88,1,11,7,DAL,DAL,fg3_miss,1,False,False,,MISS Porzingis 26' 3PT Jump Shot,0-3,0,3
0022000164,2021-01-13,CHA,DAL,0.95,1,11,3,CHA,CHA,reb,0,False,False,Rozier REBOUND (Off:0 Def:1),,0-3,0,3
0022000164,2021-01-13,CHA,DAL,1.18,1,10,49,CHA,CHA,fg_miss,101,False,False,MISS Washington 4' Driving Floating Jump Shot,,0-3,0,3
0022000164,2021-01-13,CHA,DAL,1.22,1,10,47,DAL,DAL,reb,0,False,False,,Cauley-Stein REBOUND (Off:0 Def:1),0-3,0,3
0022000164,2021-01-13,CHA,DAL,1.33,1,10,40,DAL,DAL,fg_miss,79,False,False,,MISS Doncic 18' Pullup Jump Shot,0-3,0,3
0022000164,2021-01-13,CHA,DAL,1.4,1,10,36,CHA,CHA,reb,0,False,False,Rozier REBOUND (Off:0 Def:2),,0-3,0,3
0022000164,2021-01-13,CHA,DAL,1.53,1,10,28,CHA,CHA,fg3_make,1,False,False,Rozier 3PT Jump Shot (3 PTS) (Graham 1 AST),,3-3,3,3
0022000164,2021-01-13,CHA,DAL,1.75,1,10,15,DAL,DAL,fg3_make,1,False,False,,Porzingis 28' 3PT Jump Shot (3 PTS) (Doncic 1 AST),3-6,3,6
0022000164,2021-01-13,CHA,DAL,2.17,1,9,50,CHA,CHA,fg_miss,86,False,False,MISS Hayward 10' Turnaround Fadeaway Shot,,3-6,3,6
0022000164,2021-01-13,CHA,DAL,2.2,1,9,48,DAL,DAL,reb,0,False,False,,Porzingis REBOUND (Off:0 Def:2),3-6,3,6
0022000164,2021-01-13,CHA,DAL,2.33,1,9,40,DAL,DAL,fg3_miss,1,False,False,,MISS Iwundu 3PT Jump Shot,3-6,3,6
0022000164,2021-01-13,CHA,DAL,2.38,1,9,37,DAL,DAL,reb,0,False,False,,Doncic REBOUND (Off:1 Def:0),3-6,3,6
0022000164,2021-01-13,CHA,DAL,2.4,1,9,36,DAL,DAL,fg_miss,63,False,False,,MISS Doncic 8' Fadeaway Jumper,3-6,3,6
0022000164,2021-01-13,CHA,DAL,2.42,1,9,35,DAL,DAL,reb,0,False,False,,Cauley-Stein REBOUND (Off:1 Def:1),3-6,3,6
0022000164,2021-01-13,CHA,DAL,2.6,1,9,24,DAL,DAL,fg_miss,44,False,False,,MISS Porzingis 4' Reverse Layup,3-6,3,6
0022000164,2021-01-13,CHA,DAL,2.6,1,9,24,CHA,CHA,reb,0,False,False,Hayward REBOUND (Off:0 Def:1),,3-6,3,6
0022000164,2021-01-13,CHA,DAL,2.7,1,9,18,CHA,CHA,tov,2,False,True,Graham Lost Ball Turnover (P1.T1),,3-6,3,6
0022000164,2021-01-13,CHA,DAL,2.7,1,9,18,CHA,DAL,steal,2,False,True,steal,steal,3-6,3,6
0022000164,2021-01-13,CHA,DAL,2.83,1,9,10,DAL,DAL,tov,1,False,True,,Doncic Bad Pass Turnover (P1.T1),3-6,3,6
0022000164,2021-01-13,CHA,DAL,2.83,1,9,10,DAL,CHA,steal,1,False,True,steal,steal,3-6,3,6
0022000164,2021-01-13,CHA,DAL,2.88,1,9,7,CHA,CHA,fg_make,5,False,False,Washington 2' Layup (2 PTS) (Graham 2 AST),,5-6,5,6
0022000164,2021-01-13,CHA,DAL,2.98,1,9,1,DAL,DAL,fg3_make,1,False,False,,Hardaway Jr. 27' 3PT Jump Shot (3 PTS) (Doncic 2 AST),5-9,5,9
0022000164,2021-01-13,CHA,DAL,3.32,1,8,41,CHA,CHA,fg3_miss,1,False,False,MISS Hayward 26' 3PT Jump Shot,,5-9,5,9
0022000164,2021-01-13,CHA,DAL,3.35,1,8,39,DAL,DAL,reb,0,False,False,,Cauley-Stein REBOUND (Off:1 Def:2),5-9,5,9
0022000164,2021-01-13,CHA,DAL,3.45,1,8,33,DAL,DAL,fg_make,9,False,False,,Hardaway Jr. 1' Driving Dunk (5 PTS),5-11,5,11
0022000164,2021-01-13,CHA,DAL,3.45,1,8,33,CHA,CHA,timeout,1,False,False,HORNETS Timeout: Regular (Full 1 Short 0),,5-11,5,11
0022000164,2021-01-13,CHA,DAL,3.87,1,8,8,CHA,CHA,fg_make,63,False,False,Rozier 13' Fadeaway Jumper (5 PTS),,7-11,7,11
0022000164,2021-01-13,CHA,DAL,4.15,1,7,51,DAL,DAL,fg_miss,79,False,False,,MISS Iwundu 15' Pullup Jump Shot,7-11,7,11
0022000164,2021-01-13,CHA,DAL,4.18,1,7,49,DAL,DAL,reb,0,False,False,,Cauley-Stein REBOUND (Off:2 Def:2),7-11,7,11
0022000164,2021-01-13,CHA,DAL,4.38,1,7,37,DAL,DAL,fg_miss,6,True,False,,MISS Iwundu 3' Driving Layup,7-11,7,11
0022000164,2021-01-13,CHA,DAL,4.38,1,7,37,DAL,CHA,block,6,True,False,block,block,7-11,7,11
0022000164,2021-01-13,CHA,DAL,4.43,1,7,34,CHA,CHA,reb,0,False,False,Washington REBOUND (Off:0 Def:1),,7-11,7,11
0022000164,2021-01-13,CHA,DAL,4.48,1,7,31,CHA,CHA,fg3_miss,1,False,False,MISS Rozier 25' 3PT Jump Shot,,7-11,7,11
0022000164,2021-01-13,CHA,DAL,4.53,1,7,28,CHA,CHA,reb,0,False,False,Hayward REBOUND (Off:1 Def:1),,7-11,7,11
0022000164,2021-01-13,CHA,DAL,4.58,1,7,25,CHA,CHA,fg_miss,5,False,False,MISS Rozier 2' Layup,,7-11,7,11
0022000164,2021-01-13,CHA,DAL,4.62,1,7,23,DAL,DAL,reb,0,False,False,,Cauley-Stein REBOUND (Off:2 Def:3),7-11,7,11
0022000164,2021-01-13,CHA,DAL,4.77,1,7,14,DAL,DAL,fg3_miss,1,False,False,,MISS Iwundu 3PT Jump Shot,7-11,7,11
0022000164,2021-01-13,CHA,DAL,4.83,1,7,10,CHA,CHA,reb,0,False,False,Washington REBOUND (Off:0 Def:2),,7-11,7,11
0022000164,2021-01-13,CHA,DAL,5.05,1,6,57,CHA,CHA,fg_miss,101,True,False,MISS Graham 12' Driving Floating Jump Shot,,7-11,7,11
0022000164,2021-01-13,CHA,DAL,5.05,1,6,57,CHA,DAL,block,101,True,False,block,block,7-11,7,11
0022000164,2021-01-13,CHA,DAL,5.05,1,6,57,DAL,DAL,reb,0,False,False,,Doncic REBOUND (Off:1 Def:1),7-11,7,11
0022000164,2021-01-13,CHA,DAL,5.12,1,6,53,DAL,DAL,fg_make,50,False,False,,Iwundu 2' Running Dunk (2 PTS) (Doncic 3 AST),7-13,7,13
0022000164,2021-01-13,CHA,DAL,5.33,1,6,40,CHA,CHA,fg3_miss,1,False,False,MISS Washington 26' 3PT Jump Shot,,7-13,7,13
0022000164,2021-01-13,CHA,DAL,5.37,1,6,38,CHA,CHA,reb,0,False,False,Washington REBOUND (Off:1 Def:2),,7-13,7,13
0022000164,2021-01-13,CHA,DAL,5.42,1,6,35,CHA,CHA,fg3_make,1,False,False,Hayward 25' 3PT Jump Shot (3 PTS) (Washington 1 AST),,10-13,10,13
0022000164,2021-01-13,CHA,DAL,5.67,1,6,20,DAL,DAL,fg3_make,1,False,False,,Porzingis 26' 3PT Jump Shot (6 PTS) (Doncic 4 AST),10-16,10,16
0022000164,2021-01-13,CHA,DAL,5.97,1,6,2,CHA,CHA,fg3_miss,1,False,False,MISS Graham 24' 3PT Jump Shot,,10-16,10,16
0022000164,2021-01-13,CHA,DAL,6.02,1,5,59,CHA,CHA,reb,0,False,False,Biyombo REBOUND (Off:1 Def:0),,10-16,10,16
0022000164,2021-01-13,CHA,DAL,6.1,1,5,54,CHA,CHA,tov,11,False,False,HORNETS Turnover: Shot Clock (T#2),,10-16,10,16
0022000164,2021-01-13,CHA,DAL,6.33,1,5,40,DAL,DAL,fg_make,6,False,False,,Doncic 2' Driving Layup (5 PTS),10-18,10,18
0022000164,2021-01-13,CHA,DAL,6.62,1,5,23,CHA,CHA,fg_make,108,False,False,Biyombo 2' Cutting Dunk Shot (2 PTS) (Bridges 1 AST),,12-18,12,18
0022000164,2021-01-13,CHA,DAL,6.95,1,5,3,DAL,DAL,fg3_miss,1,False,False,,MISS Johnson 24' 3PT Jump Shot,12-18,12,18
0022000164,2021-01-13,CHA,DAL,7.0,1,5,0,CHA,CHA,reb,0,False,False,Ball REBOUND (Off:0 Def:1),,12-18,12,18
0022000164,2021-01-13,CHA,DAL,7.13,1,4,52,CHA,CHA,fg_miss,1,True,False,MISS Bridges 22' Jump Shot,,12-18,12,18
0022000164,2021-01-13,CHA,DAL,7.13,1,4,52,CHA,DAL,block,1,True,False,block,block,12-18,12,18
0022000164,2021-01-13,CHA,DAL,7.18,1,4,49,DAL,DAL,reb,0,False,False,,Johnson REBOUND (Off:0 Def:1),12-18,12,18
0022000164,2021-01-13,CHA,DAL,7.37,1,4,38,DAL,DAL,fg_make,6,False,False,,Doncic 1' Driving Layup (7 PTS),12-20,12,20
0022000164,2021-01-13,CHA,DAL,7.6,1,4,24,CHA,CHA,fg_miss,79,False,False,MISS Rozier 22' Pullup Jump Shot,,12-20,12,20
0022000164,2021-01-13,CHA,DAL,7.63,1,4,22,DAL,DAL,reb,0,False,False,,Johnson REBOUND (Off:0 Def:2),12-20,12,20
0022000164,2021-01-13,CHA,DAL,7.73,1,4,16,DAL,DAL,fg3_miss,1,False,False,,MISS Doncic 29' 3PT Jump Shot,12-20,12,20
0022000164,2021-01-13,CHA,DAL,7.77,1,4,14,CHA,CHA,reb,0,False,False,HORNETS Rebound,,12-20,12,20
0022000164,2021-01-13,CHA,DAL,7.97,1,4,2,CHA,CHA,fg_make,79,False,False,Hayward 17' Pullup Jump Shot (5 PTS),,14-20,14,20
0022000164,2021-01-13,CHA,DAL,8.27,1,3,44,DAL,DAL,fg_make,6,False,False,,Doncic 1' Driving Layup (9 PTS),14-22,14,22
0022000164,2021-01-13,CHA,DAL,8.27,1,3,44,CHA,CHA,timeout,1,False,False,HORNETS Timeout: Regular (Full 2 Short 0),,14-22,14,22
0022000164,2021-01-13,CHA,DAL,8.52,1,3,29,CHA,DAL,foul,1,False,False,,Green P.FOUL (P1.T1) (P.Ransom),14-22,14,22
0022000164,2021-01-13,CHA,DAL,8.67,1,3,20,CHA,CHA,fg_miss,80,False,False,MISS Bridges 18' Step Back Jump Shot,,14-22,14,22
0022000164,2021-01-13,CHA,DAL,8.72,1,3,17,DAL,DAL,reb,0,False,False,,Green REBOUND (Off:0 Def:1),14-22,14,22
0022000164,2021-01-13,CHA,DAL,8.95,1,3,3,DAL,DAL,fg3_miss,1,False,False,,MISS Johnson 24' 3PT Jump Shot,14-22,14,22
0022000164,2021-01-13,CHA,DAL,9.0,1,3,0,CHA,CHA,reb,0,False,False,Ball REBOUND (Off:0 Def:2),,14-22,14,22
0022000164,2021-01-13,CHA,DAL,9.27,1,2,44,CHA,CHA,fg_miss,6,False,False,MISS Graham 3' Driving Layup,,14-22,14,22
0022000164,2021-01-13,CHA,DAL,9.27,1,2,44,CHA,CHA,reb,0,False,False,Washington REBOUND (Off:2 Def:2),,14-22,14,22
0022000164,2021-01-13,CHA,DAL,9.27,1,2,44,CHA,DAL,foul,2,False,False,,Marjanovic S.FOUL (P1.T2) (D.Taylor),14-22,14,22
0022000164,2021-01-13,CHA,DAL,9.27,1,2,44,CHA,CHA,ft_make,11,False,False,Washington Free Throw 1 of 2 (3 PTS),,15-22,15,22
0022000164,2021-01-13,CHA,DAL,9.27,1,2,44,CHA,CHA,ft_make,12,False,False,Washington Free Throw 2 of 2 (4 PTS),,16-22,16,22
0022000164,2021-01-13,CHA,DAL,9.62,1,2,23,DAL,DAL,fg_make,1,False,False,,Marjanovic 13' Jump Shot (2 PTS) (Johnson 1 AST),16-24,16,24
0022000164,2021-01-13,CHA,DAL,9.82,1,2,11,CHA,CHA,fg3_miss,80,False,False,MISS Washington 25' 3PT Step Back Jump Shot,,16-24,16,24
0022000164,2021-01-13,CHA,DAL,9.85,1,2,9,DAL,DAL,reb,0,False,False,,Doncic REBOUND (Off:1 Def:2),16-24,16,24
0022000164,2021-01-13,CHA,DAL,9.93,1,2,4,DAL,DAL,fg_make,71,False,False,,Marjanovic 2' Finger Roll Layup (4 PTS) (Doncic 5 AST),16-26,16,26
0022000164,2021-01-13,CHA,DAL,10.37,1,1,38,CHA,CHA,fg_miss,1,False,False,MISS Washington 22' Jump Shot,,16-26,16,26
0022000164,2021-01-13,CHA,DAL,10.4,1,1,36,DAL,DAL,reb,0,False,False,,Marjanovic REBOUND (Off:0 Def:1),16-26,16,26
0022000164,2021-01-13,CHA,DAL,10.52,1,1,29,DAL,CHA,foul,2,False,False,Martin S.FOUL (P1.T1) (D.Taylor),,16-26,16,26
0022000164,2021-01-13,CHA,DAL,10.52,1,1,29,DAL,DAL,ft_make,11,False,False,,Marjanovic Free Throw 1 of 2 (5 PTS),16-27,16,27
0022000164,2021-01-13,CHA,DAL,10.52,1,1,29,DAL,DAL,ft_make,12,False,False,,Marjanovic Free Throw 2 of 2 (6 PTS),16-28,16,28
0022000164,2021-01-13,CHA,DAL,10.87,1,1,8,CHA,CHA,fg3_miss,1,False,False,MISS Martin 3PT Jump Shot,,16-28,16,28
0022000164,2021-01-13,CHA,DAL,10.9,1,1,6,CHA,CHA,reb,0,False,False,Bridges REBOUND (Off:1 Def:0),,16-28,16,28
0022000164,2021-01-13,CHA,DAL,10.92,1,1,5,CHA,CHA,tov,1,False,True,Bridges Bad Pass Turnover (P1.T3),,16-28,16,28
0022000164,2021-01-13,CHA,DAL,10.92,1,1,5,CHA,DAL,steal,1,False,True,steal,steal,16-28,16,28
0022000164,2021-01-13,CHA,DAL,10.92,1,1,5,DAL,CHA,foul,1,False,False,Ball P.FOUL (P1.PN) (K.Scott),,16-28,16,28
0022000164,2021-01-13,CHA,DAL,10.92,1,1,5,DAL,DAL,ft_miss,11,False,False,,MISS Johnson Free Throw 1 of 2,16-28,16,28
0022000164,2021-01-13,CHA,DAL,10.92,1,1,5,DAL,DAL,reb,1,False,False,,Mavericks Rebound,16-28,16,28
0022000164,2021-01-13,CHA,DAL,10.92,1,1,5,DAL,DAL,ft_miss,12,False,False,,MISS Johnson Free Throw 2 of 2,16-28,16,28
0022000164,2021-01-13,CHA,DAL,11.0,1,1,0,CHA,CHA,reb,0,False,False,Washington REBOUND (Off:2 Def:3),,16-28,16,28
0022000164,2021-01-13,CHA,DAL,11.2,1,0,48,CHA,CHA,tov,13,False,False,Bridges Backcourt Turnover (P2.T4),,16-28,16,28
0022000164,2021-01-13,CHA,DAL,11.45,1,0,33,DAL,DAL,fg_make,66,False,False,,Doncic 9' Jump Bank Shot (11 PTS),16-30,16,30
0022000164,2021-01-13,CHA,DAL,11.53,1,0,28,CHA,DAL,foul,1,False,False,,Green P.FOUL (P2.T3) (K.Scott),16-30,16,30
0022000164,2021-01-13,CHA,DAL,11.68,1,0,19,CHA,CHA,fg_miss,5,False,False,MISS Washington 1' Layup,,16-30,16,30
0022000164,2021-01-13,CHA,DAL,11.7,1,0,18,CHA,CHA,reb,0,False,False,Washington REBOUND (Off:3 Def:3),,16-30,16,30
0022000164,2021-01-13,CHA,DAL,11.73,1,0,16,CHA,CHA,tov,2,False,True,Washington Lost Ball Turnover (P1.T5),,16-30,16,30
0022000164,2021-01-13,CHA,DAL,11.73,1,0,16,CHA,DAL,steal,2,False,True,steal,steal,16-30,16,30
0022000164,2021-01-13,CHA,DAL,11.95,1,0,3,DAL,DAL,fg_miss,6,False,False,,MISS Doncic 4' Driving Layup,16-30,16,30
0022000164,2021-01-13,CHA,DAL,11.97,1,0,2,DAL,DAL,reb,0,False,False,,Marjanovic REBOUND (Off:1 Def:1),16-30,16,30
0022000164,2021-01-13,CHA,DAL,11.97,1,0,2,DAL,DAL,fg_make,87,False,False,,Marjanovic Putback Dunk (8 PTS),16-32,16,32
0022000164,2021-01-13,CHA,DAL,12.0,1,0,0,CHA,CHA,fg3_miss,1,False,False,MISS Ball 44' 3PT Jump Shot,,16-32,16,32
0022000164,2021-01-13,CHA,DAL,12.0,1,0,0,CHA,CHA,reb,0,False,False,HORNETS Rebound,,16-32,16,32
0022000164,2021-01-13,CHA,DAL,12.0,1,0,0,CHA,,period_end,0,False,False,,,16-32,16,32
0022000164,2021-01-13,CHA,DAL,12.0,2,12,0,CHA,,period_start,0,False,False,,,16-32,16,32
0022000164,2021-01-13,CHA,DAL,12.23,2,11,46,CHA,CHA,fg3_miss,1,False,False,MISS Bridges 25' 3PT Jump Shot,,16-32,16,32
0022000164,2021-01-13,CHA,DAL,12.27,2,11,44,DAL,DAL,reb,0,False,False,,Cauley-Stein REBOUND (Off:2 Def:4),16-32,16,32
0022000164,2021-01-13,CHA,DAL,12.4,2,11,36,DAL,DAL,fg_miss,1,False,False,,MISS Porzingis 16' Jump Shot,16-32,16,32
0022000164,2021-01-13,CHA,DAL,12.47,2,11,32,CHA,CHA,reb,0,False,False,Ball REBOUND (Off:0 Def:3),,16-32,16,32
0022000164,2021-01-13,CHA,DAL,12.73,2,11,16,CHA,CHA,fg_make,79,False,False,Graham 17' Pullup Jump Shot (2 PTS) (Bridges 2 AST),,18-32,18,32
0022000164,2021-01-13,CHA,DAL,13.2,2,10,48,DAL,DAL,fg_miss,101,False,False,,MISS Burke 13' Driving Floating Jump Shot,18-32,18,32
0022000164,2021-01-13,CHA,DAL,13.23,2,10,46,DAL,DAL,reb,0,False,False,,Burke REBOUND (Off:1 Def:0),18-32,18,32
0022000164,2021-01-13,CHA,DAL,13.27,2,10,44,DAL,DAL,fg3_miss,1,False,False,,MISS Porzingis 27' 3PT Jump Shot,18-32,18,32
0022000164,2021-01-13,CHA,DAL,13.32,2,10,41,CHA,CHA,reb,0,False,False,Ball REBOUND (Off:0 Def:4),,18-32,18,32
0022000164,2021-01-13,CHA,DAL,13.47,2,10,32,CHA,CHA,tov,1,False,True,Ball Bad Pass Turnover (P1.T6),,18-32,18,32
0022000164,2021-01-13,CHA,DAL,13.47,2,10,32,CHA,DAL,steal,1,False,True,steal,steal,18-32,18,32
0022000164,2021-01-13,CHA,DAL,13.48,2,10,31,DAL,CHA,foul,28,False,False,Graham Personal Take Foul (P1.T1) (K.Scott),,18-32,18,32
0022000164,2021-01-13,CHA,DAL,13.87,2,10,8,DAL,DAL,fg_make,6,False,False,,Porzingis 1' Driving Layup (8 PTS) (Cauley-Stein 1 AST),18-34,18,34
0022000164,2021-01-13,CHA,DAL,14.08,2,9,55,CHA,CHA,fg3_miss,1,False,False,MISS Martin 26' 3PT Jump Shot,,18-34,18,34
0022000164,2021-01-13,CHA,DAL,14.13,2,9,52,DAL,DAL,reb,0,False,False,,Cauley-Stein REBOUND (Off:2 Def:5),18-34,18,34
0022000164,2021-01-13,CHA,DAL,14.2,2,9,48,DAL,CHA,foul,1,False,False,Bridges P.FOUL (P1.T2) (K.Scott),,18-34,18,34
0022000164,2021-01-13,CHA,DAL,14.48,2,9,31,DAL,DAL,fg_make,98,False,False,,Porzingis 2' Cutting Layup Shot (10 PTS) (Iwundu 1 AST),18-36,18,36
0022000164,2021-01-13,CHA,DAL,14.75,2,9,15,CHA,CHA,tov,1,False,True,Martin Bad Pass Turnover (P1.T7),,18-36,18,36
0022000164,2021-01-13,CHA,DAL,14.75,2,9,15,CHA,DAL,steal,1,False,True,steal,steal,18-36,18,36
0022000164,2021-01-13,CHA,DAL,14.9,2,9,6,DAL,DAL,fg_miss,6,True,False,,MISS Burke 4' Driving Layup,18-36,18,36
0022000164,2021-01-13,CHA,DAL,14.9,2,9,6,DAL,CHA,block,6,True,False,block,block,18-36,18,36
0022000164,2021-01-13,CHA,DAL,14.9,2,9,6,DAL,DAL,reb,0,False,False,,Mavericks Rebound,18-36,18,36
0022000164,2021-01-13,CHA,DAL,15.1,2,8,54,DAL,DAL,fg3_miss,1,False,False,,MISS Burke 3PT Jump Shot,18-36,18,36
0022000164,2021-01-13,CHA,DAL,15.15,2,8,51,CHA,CHA,reb,0,False,False,Ball REBOUND (Off:0 Def:5),,18-36,18,36
0022000164,2021-01-13,CHA,DAL,15.23,2,8,46,CHA,CHA,fg_miss,41,False,False,MISS Ball 2' Running Layup,,18-36,18,36
0022000164,2021-01-13,CHA,DAL,15.3,2,8,42,CHA,CHA,reb,0,False,False,Martin REBOUND (Off:1 Def:0),,18-36,18,36
0022000164,2021-01-13,CHA,DAL,15.3,2,8,42,CHA,CHA,fg_make,107,False,False,Martin Tip Dunk Shot (2 PTS),,20-36,20,36
0022000164,2021-01-13,CHA,DAL,15.42,2,8,35,DAL,DAL,fg3_miss,1,False,False,,MISS Porzingis 30' 3PT Jump Shot,20-36,20,36
0022000164,2021-01-13,CHA,DAL,15.5,2,8,30,CHA,CHA,reb,0,False,False,Biyombo REBOUND (Off:1 Def:1),,20-36,20,36
0022000164,2021-01-13,CHA,DAL,15.55,2,8,27,CHA,DAL,foul,2,False,False,,Porzingis S.FOUL (P1.T1) (D.Taylor),20-36,20,36
0022000164,2021-01-13,CHA,DAL,15.55,2,8,27,DAL,DAL,timeout,1,False,False,,Mavericks Timeout: Regular (Reg.1 Short 0),20-36,20,36
0022000164,2021-01-13,CHA,DAL,15.55,2,8,27,DAL,CHA,ft_make,11,False,False,Hayward Free Throw 1 of 2 (6 PTS),,21-36,21,36
0022000164,2021-01-13,CHA,DAL,15.55,2,8,27,DAL,CHA,ft_make,12,False,False,Hayward Free Throw 2 of 2 (7 PTS),,22-36,22,36
0022000164,2021-01-13,CHA,DAL,15.8,2,8,12,DAL,DAL,fg3_miss,79,False,False,,MISS Burke 26' 3PT Pullup Jump Shot,22-36,22,36
0022000164,2021-01-13,CHA,DAL,15.87,2,8,8,CHA,CHA,reb,0,False,False,Martin REBOUND (Off:1 Def:1),,22-36,22,36
0022000164,2021-01-13,CHA,DAL,15.92,2,8,5,CHA,DAL,foul,1,False,False,,Iwundu P.FOUL (P1.T2) (D.Taylor),22-36,22,36
0022000164,2021-01-13,CHA,DAL,16.13,2,7,52,CHA,CHA,fg_miss,6,True,False,MISS Rozier 5' Driving Layup,,22-36,22,36
0022000164,2021-01-13,CHA,DAL,16.13,2,7,52,CHA,DAL,block,6,True,False,block,block,22-36,22,36
0022000164,2021-01-13,CHA,DAL,16.18,2,7,49,CHA,CHA,reb,0,False,False,Martin REBOUND (Off:1 Def:0),,22-36,22,36
0022000164,2021-01-13,CHA,DAL,16.18,2,7,49,CHA,CHA,fg3_miss,1,False,False,MISS Ball 25' 3PT Jump Shot,,22-36,22,36
0022000164,2021-01-13,CHA,DAL,16.18,2,7,49,CHA,CHA,reb,0,False,False,HORNETS Rebound,,22-36,22,36
0022000164,2021-01-13,CHA,DAL,16.27,2,7,44,CHA,CHA,fg_make,1,False,False,Rozier 20' Jump Shot (7 PTS) (Hayward 1 AST),,24-36,24,36
0022000164,2021-01-13,CHA,DAL,16.53,2,7,28,DAL,DAL,fg3_make,1,False,False,,Hardaway Jr. 26' 3PT Jump Shot (8 PTS) (Burke 1 AST),24-39,24,39
0022000164,2021-01-13,CHA,DAL,16.8,2,7,12,CHA,CHA,fg3_miss,1,False,False,MISS Hayward 25' 3PT Jump Shot,,24-39,24,39
0022000164,2021-01-13,CHA,DAL,16.85,2,7,9,CHA,CHA,reb,0,False,False,Martin REBOUND (Off:2 Def:0),,24-39,24,39
0022000164,2021-01-13,CHA,DAL,16.92,2,7,5,CHA,CHA,fg_miss,98,False,False,MISS Hayward 2' Cutting Layup Shot,,24-39,24,39
0022000164,2021-01-13,CHA,DAL,16.95,2,7,3,DAL,DAL,reb,0,False,False,,Cauley-Stein REBOUND (Off:2 Def:6),24-39,24,39
0022000164,2021-01-13,CHA,DAL,17.05,2,6,57,DAL,DAL,fg3_make,1,False,False,,Hardaway Jr. 28' 3PT Jump Shot (11 PTS),24-42,24,42
0022000164,2021-01-13,CHA,DAL,17.18,2,6,49,CHA,CHA,fg3_miss,1,False,False,MISS Ball 29' 3PT Jump Shot,,24-42,24,42
0022000164,2021-01-13,CHA,DAL,17.22,2,6,47,DAL,DAL,reb,0,False,False,,Cauley-Stein REBOUND (Off:2 Def:7),24-42,24,42
0022000164,2021-01-13,CHA,DAL,17.45,2,6,33,DAL,DAL,fg3_miss,1,False,False,,MISS Hardaway Jr. 29' 3PT Jump Shot,24-42,24,42
0022000164,2021-01-13,CHA,DAL,17.52,2,6,29,CHA,CHA,reb,0,False,False,Rozier REBOUND (Off:0 Def:3),,24-42,24,42
0022000164,2021-01-13,CHA,DAL,17.63,2,6,22,CHA,CHA,fg_make,98,False,False,Biyombo 2' Cutting Layup Shot (4 PTS) (Ball 1 AST),,26-42,26,42
0022000164,2021-01-13,CHA,DAL,17.82,2,6,11,DAL,DAL,fg_miss,6,False,False,,MISS Hardaway Jr. 2' Driving Layup,26-42,26,42
0022000164,2021-01-13,CHA,DAL,17.85,2,6,9,CHA,CHA,reb,0,False,False,Martin REBOUND (Off:2 Def:1),,26-42,26,42
0022000164,2021-01-13,CHA,DAL,18.07,2,5,56,CHA,CHA,fg_miss,66,False,False,MISS Hayward 9' Jump Bank Shot,,26-42,26,42
0022000164,2021-01-13,CHA,DAL,18.12,2,5,53,DAL,DAL,reb,0,False,False,,Burke REBOUND (Off:1 Def:1),26-42,26,42
0022000164,2021-01-13,CHA,DAL,18.22,2,5,47,DAL,DAL,fg3_miss,1,False,False,,MISS Porzingis 30' 3PT Jump Shot,26-42,26,42
0022000164,2021-01-13,CHA,DAL,18.27,2,5,44,CHA,CHA,reb,0,False,False,Biyombo REBOUND (Off:1 Def:2),,26-42,26,42
0022000164,2021-01-13,CHA,DAL,18.28,2,5,43,CHA,CHA,timeout,1,False,False,HORNETS Timeout: Regular (Full 3 Short 0),,26-42,26,42
0022000164,2021-01-13,CHA,DAL,18.48,2,5,31,CHA,DAL,foul,1,False,False,,Hardaway Jr. P.FOUL (P1.T3) (D.Taylor),26-42,26,42
0022000164,2021-01-13,CHA,DAL,18.73,2,5,16,CHA,CHA,fg_make,47,False,False,Hayward 11' Turnaround Jump Shot (9 PTS),,28-42,28,42
0022000164,2021-01-13,CHA,DAL,19.0,2,5,0,DAL,DAL,fg_make,73,False,False,,Johnson 1' Driving Reverse Layup (2 PTS) (Doncic 6 AST),28-44,28,44
0022000164,2021-01-13,CHA,DAL,19.15,2,4,51,CHA,CHA,fg_miss,79,False,False,MISS Hayward 17' Pullup Jump Shot,,28-44,28,44
0022000164,2021-01-13,CHA,DAL,19.2,2,4,48,DAL,DAL,reb,0,False,False,,Johnson REBOUND (Off:0 Def:3),28-44,28,44
0022000164,2021-01-13,CHA,DAL,19.32,2,4,41,DAL,DAL,fg3_miss,1,False,False,,MISS Green 3PT Jump Shot,28-44,28,44
0022000164,2021-01-13,CHA,DAL,19.32,2,4,41,DAL,DAL,reb,0,False,False,,Mavericks Rebound,28-44,28,44
0022000164,2021-01-13,CHA,DAL,19.32,2,4,41,DAL,CHA,foul,3,False,False,Graham L.B.FOUL (P2.T3) (K.Scott),,28-44,28,44
0022000164,2021-01-13,CHA,DAL,19.5,2,4,30,DAL,DAL,fg_make,101,False,False,,Doncic 8' Driving Floating Jump Shot (13 PTS),28-46,28,46
0022000164,2021-01-13,CHA,DAL,19.8,2,4,12,CHA,CHA,fg_miss,79,False,False,MISS Graham 16' Pullup Jump Shot,,28-46,28,46
0022000164,2021-01-13,CHA,DAL,19.83,2,4,10,DAL,DAL,reb,0,False,False,,Johnson REBOUND (Off:0 Def:4),28-46,28,46
0022000164,2021-01-13,CHA,DAL,19.9,2,4,6,DAL,DAL,fg3_miss,1,False,False,,MISS Hardaway Jr. 26' 3PT Jump Shot,28-46,28,46
0022000164,2021-01-13,CHA,DAL,19.92,2,4,5,CHA,CHA,reb,0,False,False,HORNETS Rebound,,28-46,28,46
0022000164,2021-01-13,CHA,DAL,19.92,2,4,5,CHA,DAL,foul,3,False,False,,Green L.B.FOUL (P3.T4) (K.Scott),28-46,28,46
0022000164,2021-01-13,CHA,DAL,20.08,2,3,55,CHA,CHA,fg3_miss,1,False,False,MISS Washington 26' 3PT Jump Shot,,28-46,28,46
0022000164,2021-01-13,CHA,DAL,20.13,2,3,52,DAL,DAL,reb,0,False,False,,Iwundu REBOUND (Off:0 Def:1),28-46,28,46
0022000164,2021-01-13,CHA,DAL,20.4,2,3,36,DAL,DAL,fg3_miss,1,False,False,,MISS Burke 27' 3PT Jump Shot,28-46,28,46
0022000164,2021-01-13,CHA,DAL,20.45,2,3,33,CHA,CHA,reb,0,False,False,Rozier REBOUND (Off:0 Def:4),,28-46,28,46
0022000164,2021-01-13,CHA,DAL,20.53,2,3,28,CHA,CHA,fg3_make,1,False,False,Martin 3PT Jump Shot (3 PTS) (Graham 3 AST),,31-46,31,46
0022000164,2021-01-13,CHA,DAL,20.77,2,3,14,DAL,DAL,fg3_make,1,False,False,,Johnson 3PT Jump Shot (5 PTS) (Burke 2 AST),31-49,31,49
0022000164,2021-01-13,CHA,DAL,20.98,2,3,1,CHA,CHA,fg3_make,1,False,False,Graham 26' 3PT Jump Shot (5 PTS) (Bridges 3 AST),,34-49,34,49
0022000164,2021-01-13,CHA,DAL,21.27,2,2,44,DAL,DAL,fg3_miss,80,False,False,,MISS Doncic 26' 3PT Step Back Jump Shot,34-49,34,49
0022000164,2021-01-13,CHA,DAL,21.27,2,2,44,CHA,CHA,reb,0,False,False,HORNETS Rebound,,34-49,34,49
0022000164,2021-01-13,CHA,DAL,21.48,2,2,31,CHA,CHA,fg_make,98,False,False,Washington 2' Cutting Layup Shot (6 PTS) (Graham 4 AST),,36-49,36,49
0022000164,2021-01-13,CHA,DAL,21.48,2,2,31,DAL,DAL,timeout,1,False,False,,Mavericks Timeout: Regular (Reg.2 Short 0),36-49,36,49
0022000164,2021-01-13,CHA,DAL,21.77,2,2,14,DAL,DAL,fg_miss,78,False,False,,MISS Doncic 13' Floating Jump Shot,36-49,36,49
0022000164,2021-01-13,CHA,DAL,21.82,2,2,11,CHA,CHA,reb,0,False,False,Washington REBOUND (Off:3 Def:4),,36-49,36,49
0022000164,2021-01-13,CHA,DAL,21.93,2,2,4,CHA,CHA,fg_make,79,False,False,Graham 19' Pullup Jump Shot (7 PTS) (Washington 2 AST),,38-49,38,49
0022000164,2021-01-13,CHA,DAL,22.13,2,1,52,DAL,DAL,fg3_make,1,False,False,,Burke 25' 3PT Jump Shot (3 PTS) (Doncic 7 AST),38-52,38,52
0022000164,2021-01-13,CHA,DAL,22.4,2,1,36,CHA,CHA,fg_miss,6,True,False,MISS Hayward 7' Driving Layup,,38-52,38,52
0022000164,2021-01-13,CHA,DAL,22.4,2,1,36,CHA,DAL,block,6,True,False,block,block,38-52,38,52
0022000164,2021-01-13,CHA,DAL,22.45,2,1,33,DAL,DAL,reb,0,False,False,,Doncic REBOUND (Off:1 Def:3),38-52,38,52
0022000164,2021-01-13,CHA,DAL,22.48,2,1,31,DAL,DAL,fg3_make,2,False,False,,Burke 26' 3PT Running Jump Shot (6 PTS) (Johnson 2 AST),38-55,38,55
0022000164,2021-01-13,CHA,DAL,22.9,2,1,6,CHA,CHA,fg3_make,1,False,False,Rozier 25' 3PT Jump Shot (10 PTS) (Washington 3 AST),,41-55,41,55
0022000164,2021-01-13,CHA,DAL,23.32,2,0,41,DAL,DAL,fg3_miss,1,False,False,,MISS Johnson 24' 3PT Jump Shot,41-55,41,55
0022000164,2021-01-13,CHA,DAL,23.35,2,0,39,DAL,DAL,reb,0,False,False,,Johnson REBOUND (Off:1 Def:4),41-55,41,55
0022000164,2021-01-13,CHA,DAL,23.35,2,0,39,DAL,DAL,fg_make,9,False,False,,Johnson 1' Driving Dunk (7 PTS),41-57,41,57
0022000164,2021-01-13,CHA,DAL,23.45,2,0,33,CHA,CHA,fg_make,6,False,False,Rozier 9' Driving Layup (12 PTS),,43-57,43,57
0022000164,2021-01-13,CHA,DAL,23.78,2,0,13,DAL,DAL,fg3_make,1,False,False,,Doncic 30' 3PT Jump Shot (16 PTS) (Cauley-Stein 2 AST),43-60,43,60
0022000164,2021-01-13,CHA,DAL,24.0,2,0,0,CHA,CHA,fg_miss,79,False,False,MISS Graham 22' Pullup Jump Shot,,43-60,43,60
0022000164,2021-01-13,CHA,DAL,24.0,2,0,0,CHA,CHA,reb,0,False,False,HORNETS Rebound,,43-60,43,60
0022000164,2021-01-13,CHA,DAL,24.0,2,0,0,CHA,,period_end,0,False,False,,,43-60,43,60
0022000164,2021-01-13,CHA,DAL,24.0,3,12,0,CHA,,period_start,0,False,False,,,43-60,43,60
0022000164,2021-01-13,CHA,DAL,24.27,3,11,44,CHA,CHA,fg3_miss,1,False,False,MISS Rozier 25' 3PT Jump Shot,,43-60,43,60
0022000164,2021-01-13,CHA,DAL,24.3,3,11,42,DAL,DAL,reb,0,False,False,,Doncic REBOUND (Off:1 Def:4),43-60,43,60
0022000164,2021-01-13,CHA,DAL,24.55,3,11,27,DAL,DAL,fg3_make,1,False,False,,Porzingis 3PT Jump Shot (13 PTS) (Hardaway Jr. 2 AST),43-63,43,63
0022000164,2021-01-13,CHA,DAL,24.78,3,11,13,CHA,DAL,foul,2,False,False,,Doncic S.FOUL (P1.T1) (P.Ransom),43-63,43,63
0022000164,2021-01-13,CHA,DAL,24.78,3,11,13,CHA,CHA,ft_miss,11,False,False,MISS Hayward Free Throw 1 of 2,,43-63,43,63
0022000164,2021-01-13,CHA,DAL,24.78,3,11,13,CHA,CHA,reb,1,False,False,HORNETS Rebound,,43-63,43,63
0022000164,2021-01-13,CHA,DAL,24.78,3,11,13,CHA,CHA,ft_make,12,False,False,Hayward Free Throw 2 of 2 (10 PTS),,44-63,44,63
0022000164,2021-01-13,CHA,DAL,24.98,3,11,1,DAL,DAL,fg3_make,1,False,False,,Porzingis 3PT Jump Shot (16 PTS) (Hardaway Jr. 3 AST),44-66,44,66
0022000164,2021-01-13,CHA,DAL,25.22,3,10,47,CHA,CHA,fg3_make,1,False,False,Hayward 25' 3PT Jump Shot (13 PTS) (Washington 4 AST),,47-66,47,66
0022000164,2021-01-13,CHA,DAL,25.52,3,10,29,DAL,DAL,fg3_miss,1,False,False,,MISS Hardaway Jr. 28' 3PT Jump Shot,47-66,47,66
0022000164,2021-01-13,CHA,DAL,25.6,3,10,24,DAL,DAL,reb,0,False,False,,Cauley-Stein REBOUND (Off:3 Def:7),47-66,47,66
0022000164,2021-01-13,CHA,DAL,25.7,3,10,18,DAL,DAL,tov,1,False,True,,Cauley-Stein Bad Pass Turnover (P1.T2),47-66,47,66
0022000164,2021-01-13,CHA,DAL,25.7,3,10,18,DAL,CHA,steal,1,False,True,steal,steal,47-66,47,66
0022000164,2021-01-13,CHA,DAL,25.73,3,10,16,CHA,CHA,fg_make,50,False,False,Rozier Running Dunk (14 PTS) (Washington 5 AST),,49-66,49,66
0022000164,2021-01-13,CHA,DAL,25.98,3,10,1,DAL,DAL,tov,2,False,True,,Doncic Lost Ball Turnover (P2.T3),49-66,49,66
0022000164,2021-01-13,CHA,DAL,25.98,3,10,1,DAL,CHA,steal,2,False,True,steal,steal,49-66,49,66
0022000164,2021-01-13,CHA,DAL,26.03,3,9,58,CHA,CHA,fg_miss,41,True,False,MISS Rozier 2' Running Layup,,49-66,49,66
0022000164,2021-01-13,CHA,DAL,26.03,3,9,58,CHA,DAL,block,41,True,False,block,block,49-66,49,66
0022000164,2021-01-13,CHA,DAL,26.03,3,9,58,CHA,CHA,reb,0,False,False,HORNETS Rebound,,49-66,49,66
0022000164,2021-01-13,CHA,DAL,26.13,3,9,52,CHA,DAL,foul,2,False,False,,Porzingis S.FOUL (P2.T2) (K.Scott),49-66,49,66
0022000164,2021-01-13,CHA,DAL,26.13,3,9,52,CHA,CHA,ft_make,11,False,False,Biyombo Free Throw 1 of 2 (5 PTS),,50-66,50,66
0022000164,2021-01-13,CHA,DAL,26.13,3,9,52,CHA,CHA,ft_miss,12,False,False,MISS Biyombo Free Throw 2 of 2,,50-66,50,66
0022000164,2021-01-13,CHA,DAL,26.2,3,9,48,DAL,DAL,reb,0,False,False,,Porzingis REBOUND (Off:0 Def:3),50-66,50,66
0022000164,2021-01-13,CHA,DAL,26.35,3,9,39,DAL,DAL,fg_miss,6,True,False,,MISS Doncic 3' Driving Layup,50-66,50,66
0022000164,2021-01-13,CHA,DAL,26.35,3,9,39,DAL,CHA,block,6,True,False,block,block,50-66,50,66
0022000164,2021-01-13,CHA,DAL,26.4,3,9,36,CHA,CHA,reb,0,False,False,Washington REBOUND (Off:3 Def:5),,50-66,50,66
0022000164,2021-01-13,CHA,DAL,26.47,3,9,32,CHA,CHA,fg3_make,1,False,False,Graham 25' 3PT Jump Shot (10 PTS) (Washington 6 AST),,53-66,53,66
0022000164,2021-01-13,CHA,DAL,26.47,3,9,32,DAL,DAL,timeout,1,False,False,,Mavericks Timeout: Regular (Reg.3 Short 0),53-66,53,66
0022000164,2021-01-13,CHA,DAL,26.77,3,9,14,DAL,DAL,fg_miss,6,True,False,,MISS Hardaway Jr. 2' Driving Layup,53-66,53,66
0022000164,2021-01-13,CHA,DAL,26.77,3,9,14,DAL,CHA,block,6,True,False,block,block,53-66,53,66
0022000164,2021-01-13,CHA,DAL,26.8,3,9,12,CHA,CHA,reb,0,False,False,Hayward REBOUND (Off:1 Def:2),,53-66,53,66
0022000164,2021-01-13,CHA,DAL,26.87,3,9,8,CHA,CHA,fg3_make,103,False,False,Hayward 26' 3PT Running Pull-Up Jump Shot (16 PTS),,56-66,56,66
0022000164,2021-01-13,CHA,DAL,27.1,3,8,54,DAL,CHA,foul,2,False,False,Washington S.FOUL (P1.T1) (K.Scott),,56-66,56,66
0022000164,2021-01-13,CHA,DAL,27.1,3,8,54,DAL,DAL,ft_make,11,False,False,,Iwundu Free Throw 1 of 2 (3 PTS),56-67,56,67
0022000164,2021-01-13,CHA,DAL,27.1,3,8,54,DAL,DAL,ft_make,12,False,False,,Iwundu Free Throw 2 of 2 (4 PTS),56-68,56,68
0022000164,2021-01-13,CHA,DAL,27.4,3,8,36,CHA,CHA,fg_miss,6,True,False,MISS Washington 2' Driving Layup,,56-68,56,68
0022000164,2021-01-13,CHA,DAL,27.4,3,8,36,CHA,DAL,block,6,True,False,block,block,56-68,56,68
0022000164,2021-01-13,CHA,DAL,27.47,3,8,32,DAL,DAL,reb,0,False,False,,Porzingis REBOUND (Off:0 Def:4),56-68,56,68
0022000164,2021-01-13,CHA,DAL,27.55,3,8,27,DAL,CHA,foul,1,False,False,Washington P.FOUL (P2.T2) (D.Taylor),,56-68,56,68
0022000164,2021-01-13,CHA,DAL,27.73,3,8,16,DAL,DAL,fg3_make,80,False,False,,Doncic 29' 3PT Step Back Jump Shot (19 PTS),56-71,56,71
0022000164,2021-01-13,CHA,DAL,28.08,3,7,55,CHA,CHA,fg3_miss,1,False,False,MISS Rozier 26' 3PT Jump Shot,,56-71,56,71
0022000164,2021-01-13,CHA,DAL,28.12,3,7,53,DAL,DAL,reb,0,False,False,,Doncic REBOUND (Off:1 Def:5),56-71,56,71
0022000164,2021-01-13,CHA,DAL,28.22,3,7,47,DAL,DAL,tov,1,False,True,,Cauley-Stein Bad Pass Turnover (P2.T4),56-71,56,71
0022000164,2021-01-13,CHA,DAL,28.22,3,7,47,DAL,CHA,steal,1,False,True,steal,steal,56-71,56,71
0022000164,2021-01-13,CHA,DAL,28.32,3,7,41,CHA,CHA,fg_miss,41,False,False,MISS Hayward 1' Running Layup,,56-71,56,71
0022000164,2021-01-13,CHA,DAL,28.35,3,7,39,DAL,DAL,reb,0,False,False,,Hardaway Jr. REBOUND (Off:0 Def:1),56-71,56,71
0022000164,2021-01-13,CHA,DAL,28.5,3,7,30,DAL,DAL,fg3_miss,1,False,False,,MISS Hardaway Jr. 3PT Jump Shot,56-71,56,71
0022000164,2021-01-13,CHA,DAL,28.53,3,7,28,CHA,CHA,reb,0,False,False,Biyombo REBOUND (Off:1 Def:3),,56-71,56,71
0022000164,2021-01-13,CHA,DAL,28.67,3,7,20,CHA,CHA,fg_make,6,False,False,Washington 1' Driving Layup (8 PTS) (Graham 5 AST),,58-71,58,71
0022000164,2021-01-13,CHA,DAL,29.03,3,6,58,DAL,DAL,fg_miss,47,False,False,,MISS Porzingis 16' Turnaround Jump Shot,58-71,58,71
0022000164,2021-01-13,CHA,DAL,29.07,3,6,56,CHA,CHA,reb,0,False,False,Biyombo REBOUND (Off:1 Def:4),,58-71,58,71
0022000164,2021-01-13,CHA,DAL,29.23,3,6,46,CHA,DAL,foul,2,False,False,,Cauley-Stein S.FOUL (P1.T3) (D.Taylor),58-71,58,71
0022000164,2021-01-13,CHA,DAL,29.23,3,6,46,CHA,CHA,ft_miss,11,False,False,MISS Biyombo Free Throw 1 of 2,,58-71,58,71
0022000164,2021-01-13,CHA,DAL,29.23,3,6,46,CHA,CHA,reb,1,False,False,HORNETS Rebound,,58-71,58,71
0022000164,2021-01-13,CHA,DAL,29.23,3,6,46,CHA,CHA,ft_miss,12,False,False,MISS Biyombo Free Throw 2 of 2,,58-71,58,71
0022000164,2021-01-13,CHA,DAL,29.35,3,6,39,CHA,CHA,reb,0,False,False,Bridges REBOUND (Off:2 Def:0),,58-71,58,71
0022000164,2021-01-13,CHA,DAL,29.35,3,6,39,CHA,CHA,fg_make,97,False,False,Bridges Tip Layup Shot (2 PTS),,60-71,60,71
0022000164,2021-01-13,CHA,DAL,29.4,3,6,36,DAL,DAL,tov,1,False,True,,Doncic Bad Pass Turnover (P3.T5),60-71,60,71
0022000164,2021-01-13,CHA,DAL,29.4,3,6,36,DAL,CHA,steal,1,False,True,steal,steal,60-71,60,71
0022000164,2021-01-13,CHA,DAL,29.45,3,6,33,CHA,CHA,fg_make,6,False,False,Rozier 1' Driving Layup (16 PTS),,62-71,62,71
0022000164,2021-01-13,CHA,DAL,29.45,3,6,33,DAL,DAL,timeout,1,False,False,,Mavericks Timeout: Regular (Reg.4 Short 0),62-71,62,71
0022000164,2021-01-13,CHA,DAL,29.77,3,6,14,DAL,DAL,fg3_miss,1,False,False,,MISS Johnson 3PT Jump Shot,62-71,62,71
0022000164,2021-01-13,CHA,DAL,29.77,3,6,14,DAL,DAL,reb,0,False,False,,Mavericks Rebound,62-71,62,71
0022000164,2021-01-13,CHA,DAL,29.77,3,6,14,DAL,CHA,foul,3,False,False,Biyombo L.B.FOUL (P1.T3) (D.Taylor),,62-71,62,71
0022000164,2021-01-13,CHA,DAL,29.9,3,6,6,DAL,DAL,fg_miss,78,True,False,,MISS Doncic 7' Floating Jump Shot,62-71,62,71
0022000164,2021-01-13,CHA,DAL,29.9,3,6,6,DAL,CHA,block,78,True,False,block,block,62-71,62,71
0022000164,2021-01-13,CHA,DAL,29.95,3,6,3,CHA,CHA,reb,0,False,False,Rozier REBOUND (Off:0 Def:5),,62-71,62,71
0022000164,2021-01-13,CHA,DAL,30.0,3,6,0,CHA,CHA,fg_miss,74,False,False,MISS Bridges 2' Running Reverse Layup,,62-71,62,71
0022000164,2021-01-13,CHA,DAL,30.03,3,5,58,CHA,CHA,reb,0,False,False,Bridges REBOUND (Off:3 Def:0),,62-71,62,71
0022000164,2021-01-13,CHA,DAL,30.12,3,5,53,CHA,CHA,fg3_miss,1,False,False,MISS Bridges 3PT Jump Shot,,62-71,62,71
0022000164,2021-01-13,CHA,DAL,30.15,3,5,51,DAL,DAL,reb,0,False,False,,Doncic REBOUND (Off:1 Def:6),62-71,62,71
0022000164,2021-01-13,CHA,DAL,30.28,3,5,43,DAL,DAL,fg_miss,5,False,False,,MISS Marjanovic 5' Layup,62-71,62,71
0022000164,2021-01-13,CHA,DAL,30.32,3,5,41,CHA,CHA,reb,0,False,False,Hayward REBOUND (Off:1 Def:3),,62-71,62,71
0022000164,2021-01-13,CHA,DAL,30.42,3,5,35,CHA,CHA,fg3_miss,1,False,False,MISS Hayward 25' 3PT Jump Shot,,62-71,62,71
0022000164,2021-01-13,CHA,DAL,30.47,3,5,32,DAL,DAL,reb,0,False,False,,Marjanovic REBOUND (Off:1 Def:2),62-71,62,71
0022000164,2021-01-13,CHA,DAL,30.68,3,5,19,DAL,DAL,fg_miss,6,False,False,,MISS Doncic 6' Driving Layup,62-71,62,71
0022000164,2021-01-13,CHA,DAL,30.68,3,5,19,DAL,DAL,reb,0,False,False,,Doncic REBOUND (Off:2 Def:6),62-71,62,71
0022000164,2021-01-13,CHA,DAL,30.68,3,5,19,DAL,CHA,foul,2,False,False,Ball S.FOUL (P2.T4) (P.Ransom),,62-71,62,71
0022000164,2021-01-13,CHA,DAL,30.68,3,5,19,DAL,DAL,ft_make,11,False,False,,Doncic Free Throw 1 of 2 (20 PTS),62-72,62,72
0022000164,2021-01-13,CHA,DAL,30.68,3,5,19,DAL,DAL,ft_miss,12,False,False,,MISS Doncic Free Throw 2 of 2,62-72,62,72
0022000164,2021-01-13,CHA,DAL,30.77,3,5,14,CHA,CHA,reb,0,False,False,Biyombo REBOUND (Off:1 Def:5),,62-72,62,72
0022000164,2021-01-13,CHA,DAL,30.93,3,5,4,CHA,CHA,fg_miss,79,True,False,MISS Hayward 12' Pullup Jump Shot,,62-72,62,72
0022000164,2021-01-13,CHA,DAL,30.93,3,5,4,CHA,DAL,block,79,True,False,block,block,62-72,62,72
0022000164,2021-01-13,CHA,DAL,30.98,3,5,1,DAL,DAL,reb,0,False,False,,Doncic REBOUND (Off:2 Def:7),62-72,62,72
0022000164,2021-01-13,CHA,DAL,31.05,3,4,57,DAL,DAL,fg_make,100,False,False,,Green 1' Running Alley Oop Layup Shot (2 PTS) (Doncic 8 AST),62-74,62,74
0022000164,2021-01-13,CHA,DAL,31.35,3,4,39,CHA,CHA,tov,1,False,True,Bridges Bad Pass Turnover (P3.T8),,62-74,62,74
0022000164,2021-01-13,CHA,DAL,31.35,3,4,39,CHA,DAL,steal,1,False,True,steal,steal,62-74,62,74
0022000164,2021-01-13,CHA,DAL,31.45,3,4,33,DAL,DAL,fg3_miss,1,False,False,,MISS Burke 25' 3PT Jump Shot,62-74,62,74
0022000164,2021-01-13,CHA,DAL,31.5,3,4,30,DAL,DAL,reb,0,False,False,,Marjanovic REBOUND (Off:2 Def:2),62-74,62,74
0022000164,2021-01-13,CHA,DAL,31.5,3,4,30,DAL,DAL,fg_miss,97,False,False,,MISS Marjanovic 1' Tip Layup Shot,62-74,62,74
0022000164,2021-01-13,CHA,DAL,31.5,3,4,30,CHA,CHA,reb,0,False,False,Bridges REBOUND (Off:3 Def:1),,62-74,62,74
0022000164,2021-01-13,CHA,DAL,31.7,3,4,18,DAL,CHA,foul,4,False,False,Rozier OFF.Foul (P1) (K.Scott),,62-74,62,74
0022000164,2021-01-13,CHA,DAL,31.7,3,4,18,CHA,CHA,tov,37,False,False,Rozier Offensive Foul Turnover (P1.T9),,62-74,62,74
0022000164,2021-01-13,CHA,DAL,31.98,3,4,1,DAL,DAL,fg_make,79,False,False,,Doncic 17' Pullup Jump Shot (22 PTS),62-76,62,76
0022000164,2021-01-13,CHA,DAL,32.35,3,3,39,CHA,CHA,fg3_miss,1,False,False,MISS Graham 26' 3PT Jump Shot,,62-76,62,76
0022000164,2021-01-13,CHA,DAL,32.38,3,3,37,DAL,DAL,reb,0,False,False,,Doncic REBOUND (Off:2 Def:8),62-76,62,76
0022000164,2021-01-13,CHA,DAL,32.43,3,3,34,DAL,CHA,foul,2,False,False,Bridges S.FOUL (P2.PN) (D.Taylor),,62-76,62,76
0022000164,2021-01-13,CHA,DAL,32.43,3,3,34,DAL,DAL,ft_miss,11,False,False,,MISS Green Free Throw 1 of 2,62-76,62,76
0022000164,2021-01-13,CHA,DAL,32.43,3,3,34,DAL,DAL,reb,1,False,False,,Mavericks Rebound,62-76,62,76
0022000164,2021-01-13,CHA,DAL,32.43,3,3,34,DAL,DAL,ft_miss,12,False,False,,MISS Green Free Throw 2 of 2,62-76,62,76
0022000164,2021-01-13,CHA,DAL,32.47,3,3,32,CHA,CHA,reb,0,False,False,HORNETS Rebound,,62-76,62,76
0022000164,2021-01-13,CHA,DAL,32.72,3,3,17,CHA,CHA,fg_make,1,False,False,Bridges 20' Jump Shot (4 PTS) (Ball 2 AST),,64-76,64,76
0022000164,2021-01-13,CHA,DAL,33.02,3,2,59,DAL,DAL,fg_make,80,False,False,,Doncic 15' Step Back Jump Shot (24 PTS),64-78,64,78
0022000164,2021-01-13,CHA,DAL,33.22,3,2,47,CHA,CHA,fg_make,6,False,False,Ball 1' Driving Layup (2 PTS),,66-78,66,78
0022000164,2021-01-13,CHA,DAL,33.5,3,2,30,DAL,DAL,fg3_make,1,False,False,,Doncic 27' 3PT Jump Shot (27 PTS),66-81,66,81
0022000164,2021-01-13,CHA,DAL,33.67,3,2,20,CHA,CHA,tov,1,False,True,Ball Bad Pass Turnover (P2.T10),,66-81,66,81
0022000164,2021-01-13,CHA,DAL,33.67,3,2,20,CHA,DAL,steal,1,False,True,steal,steal,66-81,66,81
0022000164,2021-01-13,CHA,DAL,33.78,3,2,13,DAL,DAL,fg_make,41,False,False,,Doncic 1' Running Layup (29 PTS),66-83,66,83
0022000164,2021-01-13,CHA,DAL,33.98,3,2,1,CHA,CHA,fg_miss,79,False,False,MISS Rozier 13' Pullup Jump Shot,,66-83,66,83
0022000164,2021-01-13,CHA,DAL,34.02,3,1,59,DAL,DAL,reb,0,False,False,,Doncic REBOUND (Off:2 Def:9),66-83,66,83
0022000164,2021-01-13,CHA,DAL,34.15,3,1,51,DAL,DAL,fg3_miss,1,False,False,,MISS Burke 3PT Jump Shot,66-83,66,83
0022000164,2021-01-13,CHA,DAL,34.15,3,1,51,DAL,DAL,reb,0,False,False,,Green REBOUND (Off:1 Def:1),66-83,66,83
0022000164,2021-01-13,CHA,DAL,34.15,3,1,51,DAL,CHA,foul,2,False,False,Rozier S.FOUL (P2.PN) (K.Scott),,66-83,66,83
0022000164,2021-01-13,CHA,DAL,34.15,3,1,51,DAL,DAL,ft_make,11,False,False,,Green Free Throw 1 of 2 (3 PTS),66-84,66,84
0022000164,2021-01-13,CHA,DAL,34.15,3,1,51,DAL,DAL,ft_miss,12,False,False,,MISS Green Free Throw 2 of 2,66-84,66,84
0022000164,2021-01-13,CHA,DAL,34.28,3,1,43,DAL,DAL,reb,0,False,False,,Marjanovic REBOUND (Off:3 Def:2),66-84,66,84
0022000164,2021-01-13,CHA,DAL,34.28,3,1,43,DAL,DAL,fg_miss,97,False,False,,MISS Marjanovic Tip Layup Shot,66-84,66,84
0022000164,2021-01-13,CHA,DAL,34.3,3,1,42,CHA,CHA,reb,0,False,False,Washington REBOUND (Off:3 Def:6),,66-84,66,84
0022000164,2021-01-13,CHA,DAL,34.35,3,1,39,CHA,DAL,foul,1,False,False,,Doncic P.FOUL (P2.T4) (P.Ransom),66-84,66,84
0022000164,2021-01-13,CHA,DAL,34.47,3,1,32,CHA,CHA,fg3_make,1,False,False,Washington 26' 3PT Jump Shot (11 PTS) (Ball 3 AST),,69-84,69,84
0022000164,2021-01-13,CHA,DAL,34.75,3,1,15,DAL,DAL,fg3_make,1,False,False,,Doncic 27' 3PT Jump Shot (32 PTS),69-87,69,87
0022000164,2021-01-13,CHA,DAL,34.97,3,1,2,CHA,CHA,fg3_make,1,False,False,Washington 27' 3PT Jump Shot (14 PTS) (Ball 4 AST),,72-87,72,87
0022000164,2021-01-13,CHA,DAL,35.23,3,0,46,DAL,DAL,tov,1,False,True,,Doncic Bad Pass Turnover (P4.T6),72-87,72,87
0022000164,2021-01-13,CHA,DAL,35.23,3,0,46,DAL,CHA,steal,1,False,True,steal,steal,72-87,72,87
0022000164,2021-01-13,CHA,DAL,35.32,3,0,41,CHA,CHA,fg3_miss,1,False,False,MISS Ball 26' 3PT Jump Shot,,72-87,72,87
0022000164,2021-01-13,CHA,DAL,35.35,3,0,39,CHA,CHA,reb,0,False,False,Bridges REBOUND (Off:4 Def:1),,72-87,72,87
0022000164,2021-01-13,CHA,DAL,35.35,3,0,39,CHA,CHA,fg_miss,5,True,False,MISS Bridges 2' Layup,,72-87,72,87
0022000164,2021-01-13,CHA,DAL,35.35,3,0,39,CHA,DAL,block,5,True,False,block,block,72-87,72,87
0022000164,2021-01-13,CHA,DAL,35.35,3,0,39,CHA,CHA,reb,0,False,False,HORNETS Rebound,,72-87,72,87
0022000164,2021-01-13,CHA,DAL,35.55,3,0,27,CHA,CHA,fg_miss,6,False,False,MISS Martin 2' Driving Layup,,72-87,72,87
0022000164,2021-01-13,CHA,DAL,35.55,3,0,27,CHA,CHA,reb,0,False,False,HORNETS Rebound,,72-87,72,87
0022000164,2021-01-13,CHA,DAL,35.73,3,0,16,CHA,CHA,fg3_miss,1,False,False,MISS Graham 28' 3PT Jump Shot,,72-87,72,87
0022000164,2021-01-13,CHA,DAL,35.78,3,0,13,DAL,DAL,reb,0,False,False,,Doncic REBOUND (Off:2 Def:10),72-87,72,87
0022000164,2021-01-13,CHA,DAL,36.0,3,0,0,DAL,DAL,fg3_miss,1,False,False,,MISS Doncic 25' 3PT Jump Shot,72-87,72,87
0022000164,2021-01-13,CHA,DAL,36.0,3,0,0,DAL,DAL,reb,0,False,False,,Mavericks Rebound,72-87,72,87
0022000164,2021-01-13,CHA,DAL,36.0,3,0,0,DAL,,period_end,0,False,False,,,72-87,72,87
0022000164,2021-01-13,CHA,DAL,36.0,4,12,0,DAL,CHA,foul,11,False,False,Martin T.FOUL (P1.T0) (P.Ransom),,72-87,72,87
0022000164,2021-01-13,CHA,DAL,36.0,4,12,0,DAL,DAL,ft_make,16,False,False,,Burke Free Throw Technical (7 PTS),72-88,72,88
0022000164,2021-01-13,CHA,DAL,36.0,4,12,0,DAL,,period_start,0,False,False,,,72-88,72,88
0022000164,2021-01-13,CHA,DAL,36.08,4,11,55,DAL,DAL,fg_make,52,False,False,,Cauley-Stein 1' Alley Oop Dunk (2 PTS) (Green 1 AST),72-90,72,90
0022000164,2021-01-13,CHA,DAL,36.4,4,11,36,CHA,CHA,fg3_miss,1,False,False,MISS Martin 26' 3PT Jump Shot,,72-90,72,90
0022000164,2021-01-13,CHA,DAL,36.47,4,11,32,DAL,DAL,reb,0,False,False,,Cauley-Stein REBOUND (Off:3 Def:8),72-90,72,90
0022000164,2021-01-13,CHA,DAL,36.67,4,11,20,DAL,DAL,fg_make,43,False,False,,Green 1' Alley Oop Layup (5 PTS) (Burke 3 AST),72-92,72,92
0022000164,2021-01-13,CHA,DAL,36.95,4,11,3,CHA,CHA,fg_miss,63,False,False,MISS Ball 15' Fadeaway Jumper,,72-92,72,92
0022000164,2021-01-13,CHA,DAL,37.02,4,10,59,DAL,DAL,reb,0,False,False,,Green REBOUND (Off:1 Def:2),72-92,72,92
0022000164,2021-01-13,CHA,DAL,37.23,4,10,46,DAL,DAL,tov,39,False,False,,Green Step Out of Bounds Turnover (P1.T7),72-92,72,92
0022000164,2021-01-13,CHA,DAL,37.47,4,10,32,CHA,CHA,fg3_miss,1,False,False,MISS Washington 26' 3PT Jump Shot,,72-92,72,92
0022000164,2021-01-13,CHA,DAL,37.5,4,10,30,DAL,DAL,reb,0,False,False,,Cauley-Stein REBOUND (Off:3 Def:9),72-92,72,92
0022000164,2021-01-13,CHA,DAL,37.77,4,10,14,DAL,DAL,tov,1,False,True,,Green Bad Pass Turnover (P2.T8),72-92,72,92
0022000164,2021-01-13,CHA,DAL,37.77,4,10,14,DAL,CHA,steal,1,False,True,steal,steal,72-92,72,92
0022000164,2021-01-13,CHA,DAL,37.85,4,10,9,CHA,CHA,fg_make,41,False,False,Martin 1' Running Layup (4 PTS) (Graham 6 AST),,74-92,74,92
0022000164,2021-01-13,CHA,DAL,38.15,4,9,51,DAL,DAL,fg3_miss,1,False,False,,MISS Porzingis 26' 3PT Jump Shot,74-92,74,92
0022000164,2021-01-13,CHA,DAL,38.2,4,9,48,CHA,CHA,reb,0,False,False,Martin REBOUND (Off:1 Def:2),,74-92,74,92
0022000164,2021-01-13,CHA,DAL,38.3,4,9,42,CHA,DAL,foul,1,False,False,,Porzingis P.FOUL (P3.T1) (K.Scott),74-92,74,92
0022000164,2021-01-13,CHA,DAL,38.43,4,9,34,CHA,CHA,fg_make,44,False,False,Martin 1' Reverse Layup (6 PTS) (Ball 5 AST),,76-92,76,92
0022000164,2021-01-13,CHA,DAL,38.62,4,9,23,DAL,DAL,fg3_miss,1,False,False,,MISS Hardaway Jr. 27' 3PT Jump Shot,76-92,76,92
0022000164,2021-01-13,CHA,DAL,38.62,4,9,23,DAL,DAL,reb,0,False,False,,Green REBOUND (Off:2 Def:2),76-92,76,92
0022000164,2021-01-13,CHA,DAL,38.9,4,9,6,DAL,DAL,fg_miss,86,False,False,,MISS Porzingis 10' Turnaround Fadeaway Shot,76-92,76,92
0022000164,2021-01-13,CHA,DAL,38.93,4,9,4,CHA,CHA,reb,0,False,False,Ball REBOUND (Off:0 Def:6),,76-92,76,92
0022000164,2021-01-13,CHA,DAL,39.0,4,9,0,CHA,CHA,fg3_miss,1,False,False,MISS Bridges 26' 3PT Jump Shot,,76-92,76,92
0022000164,2021-01-13,CHA,DAL,39.05,4,8,57,DAL,DAL,reb,0,False,False,,Iwundu REBOUND (Off:0 Def:2),76-92,76,92
0022000164,2021-01-13,CHA,DAL,39.28,4,8,43,DAL,DAL,fg_miss,63,False,False,,MISS Porzingis 10' Fadeaway Jumper,76-92,76,92
0022000164,2021-01-13,CHA,DAL,39.32,4,8,41,CHA,CHA,reb,0,False,False,Ball REBOUND (Off:0 Def:7),,76-92,76,92
0022000164,2021-01-13,CHA,DAL,39.43,4,8,34,CHA,CHA,fg_make,6,False,False,Ball 3' Driving Layup (4 PTS),,78-92,78,92
0022000164,2021-01-13,CHA,DAL,39.43,4,8,34,CHA,DAL,foul,2,False,False,,Burke S.FOUL (P1.T2) (K.Scott),78-92,78,92
0022000164,2021-01-13,CHA,DAL,39.43,4,8,34,CHA,CHA,ft_miss,10,False,False,MISS Ball Free Throw 1 of 1,,78-92,78,92
0022000164,2021-01-13,CHA,DAL,39.5,4,8,30,DAL,DAL,reb,0,False,False,,Iwundu REBOUND (Off:0 Def:3),78-92,78,92
0022000164,2021-01-13,CHA,DAL,39.73,4,8,16,DAL,DAL,fg_make,6,False,False,,Hardaway Jr. 2' Driving Layup (13 PTS) (Burke 4 AST),78-94,78,94
0022000164,2021-01-13,CHA,DAL,39.73,4,8,16,DAL,CHA,foul,2,False,False,Rozier S.FOUL (P3.T1) (K.Scott),,78-94,78,94
0022000164,2021-01-13,CHA,DAL,39.73,4,8,16,DAL,DAL,ft_make,10,False,False,,Hardaway Jr. Free Throw 1 of 1 (14 PTS),78-95,78,95
0022000164,2021-01-13,CHA,DAL,40.05,4,7,57,DAL,CHA,foul,26,False,False,Washington Offensive Charge Foul (P3.T2) (K.Scott),,78-95,78,95
0022000164,2021-01-13,CHA,DAL,40.05,4,7,57,CHA,CHA,tov,37,False,False,Washington Offensive Foul Turnover (P2.T11),,78-95,78,95
0022000164,2021-01-13,CHA,DAL,40.35,4,7,39,DAL,DAL,fg3_miss,1,False,False,,MISS Burke 26' 3PT Jump Shot,78-95,78,95
0022000164,2021-01-13,CHA,DAL,40.38,4,7,37,CHA,CHA,reb,0,False,False,Martin REBOUND (Off:1 Def:3),,78-95,78,95
0022000164,2021-01-13,CHA,DAL,40.5,4,7,30,CHA,CHA,fg3_miss,1,False,False,MISS Martin 27' 3PT Jump Shot,,78-95,78,95
0022000164,2021-01-13,CHA,DAL,40.57,4,7,26,DAL,DAL,reb,0,False,False,,Cauley-Stein REBOUND (Off:3 Def:10),78-95,78,95
0022000164,2021-01-13,CHA,DAL,40.7,4,7,18,DAL,DAL,fg3_miss,1,False,False,,MISS Iwundu 25' 3PT Jump Shot,78-95,78,95
0022000164,2021-01-13,CHA,DAL,40.75,4,7,15,DAL,DAL,reb,0,False,False,,Green REBOUND (Off:3 Def:2),78-95,78,95
0022000164,2021-01-13,CHA,DAL,40.78,4,7,13,DAL,DAL,fg3_miss,1,False,False,,MISS Hardaway Jr. 25' 3PT Jump Shot,78-95,78,95
0022000164,2021-01-13,CHA,DAL,40.82,4,7,11,CHA,CHA,reb,0,False,False,Biyombo REBOUND (Off:1 Def:6),,78-95,78,95
0022000164,2021-01-13,CHA,DAL,40.82,4,7,11,CHA,CHA,timeout,1,False,False,HORNETS Timeout: Regular (Full 4 Short 0),,78-95,78,95
0022000164,2021-01-13,CHA,DAL,41.17,4,6,50,CHA,CHA,fg_miss,1,True,False,MISS Rozier 23' Jump Shot,,78-95,78,95
0022000164,2021-01-13,CHA,DAL,41.17,4,6,50,CHA,DAL,block,1,True,False,block,block,78-95,78,95
0022000164,2021-01-13,CHA,DAL,41.17,4,6,50,CHA,CHA,reb,0,False,False,HORNETS Rebound,,78-95,78,95
0022000164,2021-01-13,CHA,DAL,41.17,4,6,50,CHA,CHA,tov,11,False,False,HORNETS Turnover: Shot Clock (T#12),,78-95,78,95
0022000164,2021-01-13,CHA,DAL,41.3,4,6,42,DAL,DAL,fg3_miss,1,True,False,,MISS Green 3PT Jump Shot,78-95,78,95
0022000164,2021-01-13,CHA,DAL,41.3,4,6,42,DAL,CHA,block,1,True,False,block,block,78-95,78,95
0022000164,2021-01-13,CHA,DAL,41.3,4,6,42,DAL,DAL,reb,0,False,False,,Mavericks Rebound,78-95,78,95
0022000164,2021-01-13,CHA,DAL,41.48,4,6,31,DAL,DAL,fg_miss,79,False,False,,MISS Burke 18' Pullup Jump Shot,78-95,78,95
0022000164,2021-01-13,CHA,DAL,41.57,4,6,26,CHA,CHA,reb,0,False,False,Biyombo REBOUND (Off:1 Def:7),,78-95,78,95
0022000164,2021-01-13,CHA,DAL,41.67,4,6,20,CHA,CHA,fg_miss,6,True,False,MISS Rozier 7' Driving Layup,,78-95,78,95
0022000164,2021-01-13,CHA,DAL,41.67,4,6,20,CHA,DAL,block,6,True,False,block,block,78-95,78,95
0022000164,2021-01-13,CHA,DAL,41.67,4,6,20,CHA,CHA,reb,0,False,False,HORNETS Rebound,,78-95,78,95
0022000164,2021-01-13,CHA,DAL,41.88,4,6,7,CHA,CHA,fg_miss,1,False,False,MISS Graham 12' Jump Shot,,78-95,78,95
0022000164,2021-01-13,CHA,DAL,41.88,4,6,7,CHA,CHA,reb,0,False,False,HORNETS Rebound,,78-95,78,95
0022000164,2021-01-13,CHA,DAL,41.92,4,6,5,CHA,CHA,fg_miss,63,False,False,MISS Martin 14' Fadeaway Jumper,,78-95,78,95
0022000164,2021-01-13,CHA,DAL,41.92,4,6,5,CHA,CHA,reb,0,False,False,HORNETS Rebound,,78-95,78,95
0022000164,2021-01-13,CHA,DAL,41.92,4,6,5,CHA,CHA,tov,11,False,False,HORNETS Turnover: Shot Clock (T#13),,78-95,78,95
0022000164,2021-01-13,CHA,DAL,42.22,4,5,47,DAL,DAL,fg_miss,6,True,False,,MISS Iwundu 4' Driving Layup,78-95,78,95
0022000164,2021-01-13,CHA,DAL,42.22,4,5,47,DAL,CHA,block,6,True,False,block,block,78-95,78,95
0022000164,2021-01-13,CHA,DAL,42.27,4,5,44,CHA,CHA,reb,0,False,False,Biyombo REBOUND (Off:1 Def:8),,78-95,78,95
0022000164,2021-01-13,CHA,DAL,42.37,4,5,38,CHA,CHA,fg_make,98,False,False,Martin 2' Cutting Layup Shot (5 PTS) (Bridges 4 AST),,80-95,80,95
0022000164,2021-01-13,CHA,DAL,42.73,4,5,16,DAL,DAL,fg3_miss,1,False,False,,MISS Hardaway Jr. 27' 3PT Jump Shot,80-95,80,95
0022000164,2021-01-13,CHA,DAL,42.78,4,5,13,CHA,CHA,reb,0,False,False,Rozier REBOUND (Off:0 Def:6),,80-95,80,95
0022000164,2021-01-13,CHA,DAL,42.85,4,5,9,CHA,CHA,fg3_miss,1,False,False,MISS Graham 25' 3PT Jump Shot,,80-95,80,95
0022000164,2021-01-13,CHA,DAL,42.92,4,5,5,DAL,DAL,reb,0,False,False,,Hardaway Jr. REBOUND (Off:0 Def:2),80-95,80,95
0022000164,2021-01-13,CHA,DAL,43.17,4,4,50,DAL,DAL,fg_make,101,False,False,,Hardaway Jr. 11' Driving Floating Jump Shot (16 PTS),80-97,80,97
0022000164,2021-01-13,CHA,DAL,43.4,4,4,36,CHA,CHA,fg_make,6,False,False,Rozier 1' Driving Layup (18 PTS) (Graham 7 AST),,82-97,82,97
0022000164,2021-01-13,CHA,DAL,43.75,4,4,15,DAL,DAL,fg_make,80,False,False,,Doncic 20' Step Back Jump Shot (34 PTS),82-99,82,99
0022000164,2021-01-13,CHA,DAL,44.1,4,3,54,CHA,CHA,fg_make,73,False,False,Martin 1' Driving Reverse Layup (7 PTS) (Bridges 5 AST),,84-99,84,99
0022000164,2021-01-13,CHA,DAL,44.1,4,3,54,CHA,DAL,foul,2,False,False,,Doncic S.FOUL (P3.T3) (K.Scott),84-99,84,99
0022000164,2021-01-13,CHA,DAL,44.1,4,3,54,CHA,CHA,ft_miss,10,False,False,MISS Martin Free Throw 1 of 1,,84-99,84,99
0022000164,2021-01-13,CHA,DAL,44.17,4,3,50,DAL,DAL,reb,0,False,False,,Cauley-Stein REBOUND (Off:3 Def:11),84-99,84,99
0022000164,2021-01-13,CHA,DAL,44.48,4,3,31,DAL,DAL,fg_make,98,False,False,,Cauley-Stein 1' Cutting Layup Shot (4 PTS) (Doncic 9 AST),84-101,84,101
0022000164,2021-01-13,CHA,DAL,44.68,4,3,19,CHA,CHA,fg_miss,6,True,False,MISS Washington 2' Driving Layup,,84-101,84,101
0022000164,2021-01-13,CHA,DAL,44.68,4,3,19,CHA,DAL,block,6,True,False,block,block,84-101,84,101
0022000164,2021-01-13,CHA,DAL,44.75,4,3,15,CHA,CHA,reb,0,False,False,Martin REBOUND (Off:3 Def:1),,84-101,84,101
0022000164,2021-01-13,CHA,DAL,44.78,4,3,13,CHA,CHA,fg_make,79,False,False,Graham 16' Pullup Jump Shot (12 PTS) (Martin 1 AST),,86-101,86,101
0022000164,2021-01-13,CHA,DAL,45.1,4,2,54,DAL,DAL,timeout,1,False,False,,Mavericks Timeout: Regular (Reg.5 Short 0),86-101,86,101
0022000164,2021-01-13,CHA,DAL,45.28,4,2,43,DAL,DAL,fg3_miss,1,False,False,,MISS Doncic 25' 3PT Jump Shot,86-101,86,101
0022000164,2021-01-13,CHA,DAL,45.33,4,2,40,CHA,CHA,reb,0,False,False,Washington REBOUND (Off:3 Def:7),,86-101,86,101
0022000164,2021-01-13,CHA,DAL,45.47,4,2,32,CHA,CHA,tov,2,False,True,Bridges Lost Ball Turnover (P4.T14),,86-101,86,101
0022000164,2021-01-13,CHA,DAL,45.47,4,2,32,CHA,DAL,steal,2,False,True,steal,steal,86-101,86,101
0022000164,2021-01-13,CHA,DAL,45.67,4,2,20,DAL,CHA,foul,1,False,False,Bridges P.FOUL (P3.T3) (D.Taylor),,86-101,86,101
0022000164,2021-01-13,CHA,DAL,45.83,4,2,10,DAL,DAL,fg_make,6,False,False,,Hardaway Jr. 9' Driving Layup (18 PTS),86-103,86,103
0022000164,2021-01-13,CHA,DAL,46.07,4,1,56,CHA,CHA,fg_miss,6,True,False,MISS Washington 4' Driving Layup,,86-103,86,103
0022000164,2021-01-13,CHA,DAL,46.07,4,1,56,CHA,DAL,block,6,True,False,block,block,86-103,86,103
0022000164,2021-01-13,CHA,DAL,46.07,4,1,56,DAL,DAL,reb,0,False,False,,Doncic REBOUND (Off:2 Def:11),86-103,86,103
0022000164,2021-01-13,CHA,DAL,46.07,4,1,56,DAL,CHA,foul,1,False,False,Washington P.FOUL (P4.T4) (D.Taylor),,86-103,86,103
0022000164,2021-01-13,CHA,DAL,46.33,4,1,40,DAL,DAL,fg_miss,75,False,False,,MISS Burke 11' Driving Finger Roll Layup,86-103,86,103
0022000164,2021-01-13,CHA,DAL,46.38,4,1,37,CHA,CHA,reb,0,False,False,Bridges REBOUND (Off:4 Def:2),,86-103,86,103
0022000164,2021-01-13,CHA,DAL,46.52,4,1,29,CHA,CHA,fg_make,6,False,False,Washington 1' Driving Layup (16 PTS),,88-103,88,103
0022000164,2021-01-13,CHA,DAL,46.75,4,1,15,DAL,CHA,foul,1,False,False,Ball P.FOUL (P3.PN) (K.Scott),,88-103,88,103
0022000164,2021-01-13,CHA,DAL,46.75,4,1,15,DAL,DAL,ft_make,11,False,False,,Burke Free Throw 1 of 2 (8 PTS),88-104,88,104
0022000164,2021-01-13,CHA,DAL,46.75,4,1,15,DAL,DAL,ft_miss,12,False,False,,MISS Burke Free Throw 2 of 2,88-104,88,104
0022000164,2021-01-13,CHA,DAL,46.85,4,1,9,CHA,CHA,reb,0,False,False,Martin REBOUND (Off:1 Def:4),,88-104,88,104
0022000164,2021-01-13,CHA,DAL,46.98,4,1,1,CHA,CHA,fg_make,9,False,False,Martin 1' Driving Dunk (9 PTS) (Martin 1 AST),,90-104,90,104
0022000164,2021-01-13,CHA,DAL,47.0,4,1,0,DAL,DAL,tov,45,False,False,,Terry Out of Bounds - Bad Pass Turnover Turnover (P1.T9),90-104,90,104
0022000164,2021-01-13,CHA,DAL,47.07,4,0,56,CHA,CHA,fg3_miss,1,False,False,MISS Martin 26' 3PT Jump Shot,,90-104,90,104
0022000164,2021-01-13,CHA,DAL,47.12,4,0,53,DAL,DAL,reb,0,False,False,,Terry REBOUND (Off:0 Def:1),90-104,90,104
0022000164,2021-01-13,CHA,DAL,47.43,4,0,34,DAL,DAL,fg_miss,3,False,False,,MISS Bey 6' Hook Shot,90-104,90,104
0022000164,2021-01-13,CHA,DAL,47.43,4,0,34,CHA,CHA,reb,0,False,False,HORNETS Rebound,,90-104,90,104
0022000164,2021-01-13,CHA,DAL,47.65,4,0,21,CHA,CHA,fg_miss,79,False,False,MISS McDaniels 13' Pullup Jump Shot,,90-104,90,104
0022000164,2021-01-13,CHA,DAL,47.65,4,0,21,CHA,CHA,reb,0,False,False,Carey Jr. REBOUND (Off:1 Def:0),,90-104,90,104
0022000164,2021-01-13,CHA,DAL,47.65,4,0,21,CHA,DAL,foul,2,False,False,,Burke S.FOUL (P2.T4) (K.Scott),90-104,90,104
0022000164,2021-01-13,CHA,DAL,47.65,4,0,21,CHA,CHA,ft_miss,11,False,False,MISS Carey Jr. Free Throw 1 of 2,,90-104,90,104
0022000164,2021-01-13,CHA,DAL,47.65,4,0,21,CHA,CHA,reb,1,False,False,HORNETS Rebound,,90-104,90,104
0022000164,2021-01-13,CHA,DAL,47.65,4,0,21,CHA,CHA,ft_make,12,False,False,Carey Jr. Free Throw 2 of 2 (1 PTS),,91-104,91,104
0022000164,2021-01-13,CHA,DAL,47.77,4,0,14,DAL,DAL,tov,1,False,True,,Burke Bad Pass Turnover (P1.T10),91-104,91,104
0022000164,2021-01-13,CHA,DAL,47.77,4,0,14,DAL,CHA,steal,1,False,True,steal,steal,91-104,91,104
0022000164,2021-01-13,CHA,DAL,47.85,4,0,9,CHA,CHA,fg3_miss,80,False,False,MISS Monk 24' 3PT Step Back Jump Shot,,91-104,91,104
0022000164,2021-01-13,CHA,DAL,47.88,4,0,7,CHA,CHA,reb,0,False,False,Carey Jr. REBOUND (Off:2 Def:0),,91-104,91,104
0022000164,2021-01-13,CHA,DAL,47.88,4,0,7,CHA,CHA,fg_make,72,False,False,Carey Jr. Putback Layup (3 PTS),,93-104,93,104
0022000164,2021-01-13,CHA,DAL,48.0,4,0,0,CHA,,period_end,0,False,False,,,93-104,93,104
